repoId,owner,name,url
neo4j/upx,neo4j,upx,https://github.com/neo4j/upx
neo-technology/neo4j-cloud,neo-technology,neo4j-cloud,https://github.com/neo-technology/neo4j-cloud
neo-technology/neo4j,neo-technology,neo4j,https://github.com/neo-technology/neo4j
neo-technology/alacrity,neo-technology,alacrity,https://github.com/neo-technology/alacrity
neo4j/neo4j-python-driver,neo4j,neo4j-python-driver,https://github.com/neo4j/neo4j-python-driver
neo4j/cypher-language-support,neo4j,cypher-language-support,https://github.com/neo4j/cypher-language-support
neo4j/docs-getting-started,neo4j,docs-getting-started,https://github.com/neo4j/docs-getting-started
neo4j/graph-data-science-client,neo4j,graph-data-science-client,https://github.com/neo4j/graph-data-science-client
neo4j/python-graph-visualization,neo4j,python-graph-visualization,https://github.com/neo4j/python-graph-visualization
neo4j/apoc,neo4j,apoc,https://github.com/neo4j/apoc
neo4j/mcp,neo4j,mcp,https://github.com/neo4j/mcp
neo4j/helm-charts,neo4j,helm-charts,https://github.com/neo4j/helm-charts
neo4j/graphql,neo4j,graphql,https://github.com/neo4j/graphql
neo4j/docker-neo4j,neo4j,docker-neo4j,https://github.com/neo4j/docker-neo4j
